6511798196 1339256780 12
6511798196 1369105724 14
6511798196 801504802 13
6511798196 1374261327 7
6511798196 1460325415 8
6511798196 1369105748 10
6511798196 1369529285 13
6511798196 7914822015 11
6511798196 1341839824 6
6511798196 7768286942 6
1369105748 7768286942 17
1369105748 1460325415 17
1369105748 1341839824 13
1369105748 801504802 17
1369105748 1369105724 15
1369105748 1339256780 17
1369105748 7914822015 21
1369105748 1369529285 19
1369105748 1374261327 14
1460325835 1460325415 21
1460325835 801504802 17
1460325835 1341839824 21
1460325835 1374261327 19
1460325835 1369529285 28
1460325835 1369105748 18
1460325835 1369105724 21
1460325835 1339256780 25
1460325835 7914822015 16
1460325835 7768286942 14
801436652 7768286942 8
801436652 7914822015 18
801436652 1339256780 13
801436652 1369529285 11
801436652 801504802 13
801436652 1369105748 12
801436652 1374261327 13
801436652 1460325415 9
801436652 1341839824 12
801436652 1369105724 11
962426129 1460325415 5
962426129 801504802 17
962426129 1369529285 9
962426129 1374261327 4
962426129 7768286942 9
962426129 7914822015 11
962426129 1369105724 10
962426129 1341839824 4
962426129 1339256780 5
962426129 1369105748 6
7768286947 1369105724 11
7768286947 1374261327 10
7768286947 801504802 15
7768286947 1369105748 9
7768286947 1369529285 13
7768286947 1341839824 7
7768286947 1460325415 5
7768286947 7768286942 7
7768286947 1339256780 9
7768286947 7914822015 4
291180165 7914822015 9
291180165 1369105748 10
291180165 1339256780 14
291180165 1374261327 10
291180165 801504802 15
291180165 1369105724 11
291180165 1369529285 6
291180165 1341839824 14
291180165 1460325415 12
291180165 7768286942 9
1767721271 1339256780 15
1767721271 1374261327 15
1767721271 1460325415 13
1767721271 801504802 8
1767721271 1341839824 14
1767721271 1369105724 15
1767721271 1369105748 8
1767721271 7768286942 13
1767721271 7914822015 16
1767721271 1369529285 13
